pb
pb
pb
pb
pb
pb
pb
ra
pb
pb
pb
pb
pb
pb
pb
pb
pb
pb
pb
pb
pb
pb
pb
ra
ra
ra
ra
pb
ra
pb
pb
pb
ra
pb
pb
pb
pb
pb
pb
pb
pb
pb
pb
pb
pb
pb
pb
pb
pb
pb
a	final	suit		b	final	cost

976	0	1		546	0	3
-261	1	1		724	1	4
-195	2	1		-816	2	2
245	3	1		583	3	6
355	4	1		-386	4	4
837	5	1		-970	5	5
888	6	1		-89	6	6
888	6	1		-723	7	7
888	6	1		408	8	11
888	6	1		-945	9	9
888	6	1		256	10	10
888	6	1		-434	11	11
888	6	1		513	12	15
888	6	1		-135	13	13
888	6	1		723	14	17
888	6	1		154	15	15
888	6	1		90	16	16
888	6	1		303	17	17
888	6	1		770	18	21
888	6	1		-270	19	19
888	6	1		-872	20	20
888	6	1		-143	21	21
888	6	1		598	22	21
888	6	1		810	23	20
888	6	1		-237	24	20
888	6	1		-489	25	18
888	6	1		-289	26	17
888	6	1		497	27	16
888	6	1		-16	28	17
888	6	1		121	29	16
888	6	1		966	30	13
888	6	1		934	31	12
888	6	1		667	32	11
888	6	1		-43	33	12
888	6	1		-616	34	9
888	6	1		861	35	8
888	6	1		22	36	9
888	6	1		136	37	8
888	6	1		-190	38	7
888	6	1		432	39	4
888	6	1		-422	40	3
888	6	1		884	41	2
888	6	1		-480	42	1
